20951181000149
20951181000220
20951181000300
38295532000176
05646748000422
22749300000100
21196487000108
22850504000133
39755367000150
32084111000110
22749300000100
37203431000165
39452463000120
02174437000177
39615700000126
03175564000234
11075280000113
36965599000145
24937274000170
24736676000106
11075280000113
15122739000143
33384059000180
33912498000118
33912498000118
32343397000100
36220012000179
20951181000491
20373830000171
03854920000165
33912498000118
32343397000100
11618173000437
11618173000194
32343397000100
36181497000139
11618173000194
36220012000179
03175564000153
11618173000194
03175564000153
10968080000208
10968080000127
10968080000208
33912498000118
10968080000127
42776403000177
00091966000181
05646748001070
39426970000199
10712266000110
10463419000133
05646748000856
40018474000185
41393030000192
20743516000133
18914734000141
18452941000121
08994871000260
02908742000579
40018474000185
39426970000199
05646748000694
08427279000104
08393493000189
05646748000694
08427279000104
39426970000199
08393493000189
08198069000183
28942796000110
35057801000178
40453230000120
42641227000166
23996720000154
26958105000141
44195954000172
23996720000154
43111831000143
28859335000189
41550666000109
12981026000147
17608115000166
02908742000145
00224205000150
28941256000112
28941256000112
13254185000102
42781752000187
28429030000218
28429030000218
23343540000254
42299117000168
42299117000168
36010066000100
36405115000103
36010066000100
42084015000125
42299117000168
43148601000159
43457629000178
33537132000106
42639165000158
45095779000104
43148601000159
42084015000125
42639165000158
43457629000178
65349768000110
50623645000230
12346125000157
28775766000167
11805777000140
07873084000460
27040637000249
27040637000168
07873084000389
26628707000130
26321825000100
08571105000102
01639337000106
02908742000307
02301602000104
12395763000168
07516056000142
11192199000113
07373712000103
36410673000167
37096002000136
03591742000127
24736676000297
23549213000172
23492582000176
10863681000175
10793168000155
48929267000194
10793168000155
48472308000166
48465634000146
48198686000101
24689061000176
00057733000162
00057733000162
21977156000105
21961710000158
44788518000107
41550666000362
21687680000133
41119997000180
21271872000164
39746199000137
38462358000109
20934708000127
20934644000164
10460692000104
37823312000105
37780974000145
37619014000106
20951181000572
23486871000162
